m32 0 3.0 500
m0 2 1.1 320
m1 3 1.2 330
m2 7 1.3 340
m3 4 1.4 350
m4 5 1.5 360
m5 3 1.6 370
m6 2 1.7 380
m7 2 1.8 390
m8 9 1.9 400
m9 1 2.0 410
m10 10 2.1 420
m10 11 2.1 420
m10 12 2.1 420
m10 13 2.1 420
m10 14 2.1 420
m10 15 2.1 420
m10 16 2.1 420
m10 17 2.1 420
m10 18 2.1 420
m10 19 2.1 420
m10 20 2.1 420
m10 12 2.1 420
m10 15 2.1 420
m10 11 2.1 420
m10 32 2.1 420
m10 32 2.1 420
m10 41 2.1 420
m10 52 2.1 420
m10 74 2.1 420
m10 12 2.1 420
m10 76 2.1 420
m10 13 2.1 420
m10 85 2.1 420
m10 53 2.1 420
m10 14 2.1 420
m10 45 2.1 420
m10 28 2.1 420
